INDEX

8111. 1. 8111. 1117111111 617171 16 nm 761111
1111111447171 1111011111 877171 1611011111 111111
111171746177417481 11116471111 16011111411161
11170171641111 11111117111111111 167Ιωιωῃ171
64411-16111116681 11114111114711611111 16116711114111
7 1 187 17 1 7178711117171111 1611661111166011114771
111171117171111 111471111411116011 81 7 7
11117111716771 61678111 1601711110 11817111 8781
accipiebat 7641 81 11111 677161714111 . 1111
1117111687111774111 1111011161711707714771 16 unguem fadus 1111
1111110 164 z 11 11111111 111111
accipis 867 1 71 11111 10111 176141 1611711 1171111
1111711 8781 8 1 Λαιίῑιιιιι 707171 adamantias 17161
18111111 ’6ο ’111992 ’11 1111111111 1118888811
1111111 67191411 1111111 718117 1 647171 166111 717171 6411111
Accius 811171· Α110111111111 1817 1 addunt 7781 41
11111111 61111 1 usta 8881111 16611816 1 41
andnemu! 1611 1 61 11 1161111 ·· 4111114111
1111111111 8741111 ι(11681161 71641111 11114111
11111111 771161 Adn. 116. 8111. 667 1 811111 6811817061
1111111411141 8111181117 1 171707171717141
11111111 7711 2 1 1801 ausuum 704111 1 udde quod 187141 711171
11111111614677714161 1601810171 η 16611017101117177
814141111471161 160111870111 166111667171
411111111111141111 1611111111 11116711111611116
110111607161617111, 1 11811141
686171777771 16117710, appulsus. 1811 16611677171
1111111111477171, 11461111 16611111 6711111
1111111 6771 101 161111,711ο 7111111011111111· 1661111111 488161
ambi 816 1 7 1 tum 887 141890111 16616111 7171 81
11111111 1117118117 1 111 111111181111 1661111 147111 8711111
acerbus 7771 11 1 714 -· 101 111111 744171 16611 717161
11111111 1111111714171 111181 11111 16611 700 : 116111111
111111 thuris 1811 11 111111 111171 677 171 7811161
acervi 877 1111 11011117811 41904261 1661111 016111170171
sceno 707 1 1 1 110 1 dl· 1111111111 8118111841171 811611111111811111111 41
674 : 7 1 867141 1111177011178111414881, adduas 166 : 11
“ 1111101 178161684111 7 1 1660117761 41·
0111111111 647 1 61777141 11111 11168 1 2 1 1661111111 174 : 171
11111111 71611 1 7411 71 aad voce 11811 1, 16611111161111111111147711
1111111740171 111111170171 81
11111 617 1 101 111111 777 1 71 16611117617171
11110181111660161, 11110781411171716111 1161111111 1961111
118111 11114181811111 116111111111111
tectum 647 1111 1111111111 170 1 7 Ι 6101111 adduxere 410171
Achaico 171 1 11 7771118771 101 707181, 1661111111. v. 1661111111
Achaicus 66 1 1 1 1111111111 1111111 111111 adempta 4701111
,1111111111 106 1 71 ad 41111171711611141 1611171111 187171877111
8111101111 477 16 Ι 11167171778 1 71 dcc. 1611717111 164 141
Α1111111111111144 14 1· 1611118711071117 7161 adeo 781161 7171111.
Acheronta 171 81111171, 11, ¹ 877171
Α1111101111, 177171 167 161611 usque 16 ,4471 1610 1111111111 7111 171
1111111 677 1 6· 1 61110111 711111 1161. :denum-51 77111176..
6111111166141488171 10 ⁶ 71
61111111167171117171 16111111111180171 161111 7171711
787171881161 16111111711711111 1611777171
81111Ιὶ11 186161 16111111 8181 11 adesos 1161 61
Achilles: Graiis 111111818 1 161811116171111 7901101 161111 871 117
17 , 161811706171 1611111 676141
Achivi 776 1 7 1 1611111111 6701141 adest 67 ,171 7767 2 16111
Achivis 383: 71 677 1 71 16 11111111767111 11677141
8 · 1617111111114171 16181448171

81111161 1 111 1 8 1’ 16 extremum 717171 1611111111 477161
111611 617 = 4 1 16 'hoc 677 1 61 16111111 61714 1
acidum 860 1 71 16 amum 811111 881111 1611181 6811171
11111160 171611 171 16 1111111111 710171 adhibe 771141
“mm 102111 111 11111111 11111111 8611111 adhibebitur 87111111
1111111111 7111111· 161101111716181, 16111111 787761

 

