9911191191191 - t .
tonuit 877171
1911196191 1771161 869ἕ11 ,
19111 8691111 “³¹2³ 11119916871 141
99119111 749 18 Ι 771 171 1991816111167161
818111 199111198791111
99111891 797111 couneus 699181
collectus 747171 1911111 117 ²2 11111416471
,collega 774111 416961916991417991
9911171111 8161191 ’11361131
19111711 716 1 1 1 1199111191 177171191791
1911171111 7111 10911991719191119111
11111111199 11811111
,1911117711111111 179161 ἱεέιιὲιεὲἑειε· 8191181
1911111111 787171 commenda 8991718111
collige 6171171841111 11
configi, 730 ,· 71 , commendes 811141
colligit 6771191 887 ³ 81 ,8081816ῦᾶ9 791 ² 31
,19111911 67171 1991991111 1991191
,collisa 77617 1 9091919911 1181 11
1919 111 16 147617 16611 9999111191 899171
61 (9911911111 8811111
,19119191 477 1161 1919911111 171 1141611171
,1911111111 1117; 7 1 1919911111 178 11911111191
89119111 7471161717171 814ῖ11189ο191
7981141 commta 499171 ,
19117111 7191 71 1991918991 148 ³ 71 8111
totoni 196171 11,
colono 171171 comt& 603241
1919777777 677171 999191111961811161 .
colonus 171111616171 “mmm ¹¹¹ ³7 1 111 ·
Colophon 7 6171 4 Ι

99191 171111741414941 1919911111 7981111 .
414141414791191 contuitus scen: 811411
4891716181818971 1999961719171789181
1

1 81811186911718881
191911167111168111 81
1919111 179141 717 111 Ι mmm& ⁷²7³ss
,1171111111Ι 1111111111111,
,1191911891 797 1 ι 1 7441 1991191691 794111779191
7914111119 799161 9911616111 111111
colubros 72 .· 41 commotu 1119111 661111
columb· 4871 61 commotu 6171 91
columbam 77917 commun? 1111 411871 11
· columbas 14919 1991919111 1161191696171
columbi ⁷72 = 11 644111

'columbino 6771191 1991199911 814 = 418813
191998119161 11 ι

columen 119 1 61 ιο9111191111111774171
9911119911 997171 commutet 48111 17761
99199919171111 81

columnas 117111 1999817441111 8181
,191991818171 6911118461418891
mutuum! 41877111

9911111777 1 7 1 791 1614941 compunt 477181

71 com 111 11411918171
1919119 171411971817611 61..

4146111111 comm 167191
88111ἔέ8888* ⁴¹ ω’111ῗ111161107 ‘⁸'
1919111911 761191 199199111191891111
comedunt 777 17 1 (9199111191 784161
8911111199 1 1 1 1841191 ι1199171711117671771

eofflpesstttt 66717

89· 1 1997919776174

competit 8181 79 1
3:333& tqtr ²⁷!
741111

’ 001811191117191111

mmmm 187171
ω1111191 864191
compescit 196 111
‘⁰¹⁰1’Me 111171
9919711991 711181
109919641161667171
698111718191
6011111111 8111418911 71
ρ88111111 414171
complexus 761171
19971919611111
1911179111 716111
componete 77617 111411
1411411111616181
74611176161814* 11
7111
1997996717 1 618671
19797999918181 618611
comportatis 740 171
componet 6481191

, compos 8781111
“ 1191999811 491 4 1

compotus 4²0 ²4 1 1811
111649171
compostum 877111
conputas 583=111
composui 1971111 617171
91111191 111111
19191111 799111
comptos 499171
9919191119 96 141
conamus 17171
0911919991 76117 1
concedat 1771111
9911976111 1111111116191
668171866111
1911911199 761171
tonse& 9941111
1011111111 147181,
concentum 787171
concessa 114111
9999181111 1981 61
conctss'ut 907 171
goatha 777171
conche 674111
79911111 17911 1
Ν116111111 477171677 771
674311116111
99991111 719171
concidunt 71 171
concinetur 8⁹⁰: 71
‚coactio 149 11181141
1016191* 169171179111
connum 776171
conctnmor 8161111
1999191191 11116 1 677771

7 1999191191 199141

19111119 798177

 

