N 1001111101·οΜ 0111111111·

-0111141111111111111111 001416111111141111 01111111111111111
affingas! {1³4⁷„=¹7'1⁴,23‘2¹„‡‚'13 ’ 818188118116111111
00011111114011111111 111111111411111111 1011001106111119141
0881189181181181191· 01 81881111118111817111 1818111118816611 1188 ² Η
100110616141 ” ,640171661111700111 0100111111 1011101611111
odisti 118111814111 ’744101867 ² 7 1 8841 01011100 614101111111
,0011611111111 1111611 ,01 0111010 111811811411111
10111111111111161 ο10110101 01011111160111111111

1111118111 31811811 ὂ113111181111111· ’1

1011014101181611111 01110101οῑ11 797071 4 ⁷ 'f

,00011111 414181 01110 1101014811116103 0101111 111 10011111-111111
01101111 191 1 91 ,41796001 01001001 1611 11 444111

,odoratis 114111 0111101 111111 4101 11

. 080101001011 141 0110 180 ² 11677 ⁸4 16181 00111111801601 111

. 01111 111111 ,11 0000001111

,010110111111619111411 01111110 11161 onere 111111

11 0101111111 1111 111161111 onem ²98²7!

Ι«111011, 355 = 91 oluerunt 818111 oneris 846111
110011110101111489191 1010111111411781916101 ,011111 1810111111111911
0801011410141 9 10111 4 1700141701ει 416481811101411811
omophorum 118161 018041111 1867111 61806181
011111 11711 1 01010011 691111 ,0110111 418111
‚Ofello 61911 1 01101110 1181101 onusto 1101-41
01111111 614 = 111 olympam 1101 onustos 1111101
0111111 111141 0111110 111141 onustam. 611 111
offendam 910111 0171010111 16 001 onustus 161181 1
’0111111111 1681911011111 011118 194181 onyx 411111
offendat 1161111 0111010 6811101 011000196111
0110111010 114118 Ι ⁰¹¹¹?ss 1411 11 ι08101111 011111
,01111110891111 0101110111 101111 0111001011 1
offendet 610141 610111 0011011981 111 00101181161111
&frendunt 1111111 00111111 1111111 11111 110161
0110111111111111194 181 0111181 111111 010111 840161909111
offensae 418111 08111113 1111617141101 ⁰P2¹¹¹ 61199188801
91801111 619111 01011111 684191116191 ‹
offnnsus 4101111161111 omma 111161
offer 741=7l 081010 11411 811811
Ὶ1111111 110111 01001 1111 141 ³ 11111141 ,
officient {2¹38} ,1641111111111111111 011118 pretium& 1811711
000117011111641-11 114141111111111111 1611111110101111141

11711111601111 λ118111416111408191 01011010100119111111

,061111 410101 ,44111014141111011 operam 10111 111111
ο11111111111111 101111101001101 0111111104161111161
011010414111 10001011111111111101901101 opere 104101
01111101. 714161 ,0111110 quod 101111 01011114111161811118111
010110101616111 punem 41111110811011 101884111
011111111101146111 881111 ‚ 0111011161111
ὀ110111111811111811141 omnem 01080 8101111Ἐ11. 0101010100101

89011189111111100181 Ι741111 0101080100 044081
officium 11010 8041 111 onnes 1411114 111 Ι 109 1 010111 110141

Ι011011111161111111 11118111161111111111 optumum}
11110111111111111 111111401111411161 011001111111111101
01011619111 44811114671411101 00010010 7911141
0111 011111 0111111111 1161111411 opetum 1010111 811111
0161611161 1111411661411111101 01010181141094101
0111110411111 116111111111111111 141111141111111101
denti 110111 116 ²5 1891 ²¹³ 1 01101010 (01000-600101131160
olentis 11111 emm 119111410141 11
0110 6101116110 1111111 141 11 111111011811111 ovum 1010611161

418111101111111619111 01181816 110111 111181 ¹ 08211981111111718011111114441
4 Ι 0111111 tx 10100 ‚butum mhss z ’1111ῧ41811188111911191
181181111111706Ἥ 111818111111111111141 ΚιιξιὲζᾶηὲἶἫΜ

 

