vocenmcjkuu OMNIUM.

111111716111711111 ccedet 19111711 71118671 811171

879 1718111411
ἕζῧᾶἆᾎηψη
{2⁸:533}ss*25'2521
cacus 411717911418481.
761111111716111481111
1111111111141181
sande 8711 91 ·
¹3:2⁸·ss 1118811147 ² 91
1111111 111
11111111·111Ι
,71117791 8941 41
‘avens' 6191 6 Ι
,7177611798117 1
1817178181 1818111811 1
8ξῖἱὶἕῖἶί ξέιι
,71111171171797171677171
1111 11111 1111

caules 7491 111679111
11111111 ¹⁰¹

caupo 798171

caupona 77718189718 1
,3111111111171117
,71971116779661149141 1718
,6111889081 91

7191811178 7711111
7791891191711 6841171
779117719171797119 17811
ωώ9ὼτηῆυ91
718 11119111 1168111 9811111
11Ξ9111181111681711 14111711111111
1191141111164111
,8881111716ῗῆ
9191916971918791111
11111111 111311

111119 ² ¹³¹
777911 7611111
cavus 791191
&vuumwm
11111* · ³⁶⁷² ⁶¹
cecidit i 77691791 11
7771111 1 71697671717871
77719187 498181

7711118171 1 1

cedentem 611171
776717161 7188161
cederet 6181771897161
77671 16111741

cedet 478171494161
9371111 esen 677111

⁶ *t 111111

coeto 99117

“dunt ‘wc

7717811111 6711 91
‚cemele 71614 1

celere 6911 67777771
77111 497141
771771771114191117981

,97111117 1 71

affl} 897171
celebrere 791 1 149 111

97186111116119 1 8 1
77178117 196171
«1711 1141111111 10¹
771711771111671817977
6 Ι 6711 81
1111191641 11 111141
179111 1191911961

9199191616111767
41177119 717171
171111111191796111

9171169141
celeres 7711 1897191
celet 717 171
,97117 71814 7
1111111111
celse 769181
7716997111
0719168111
771191 Apenninus 487171
celsus 7471111
censebam: 1
1981111111869181
1791717761417787191
«11811111111111111111 71
Censore 94111
censorie 8671 11 1
censu 6171716691111
ceusu 171191 764 1771
7791996191117181171
7711191111171796171
0791711171 76177 ·
,cenum 767171
emamus 477 1791
centena 711111
centiceps 1171191 191171
0791199171 Gigcc 1191
1911611111
eentum 199 111118111
181τ11116111148111

1797991911117 64117 1
catone 9911111
eentmionibue 7777 791
tw 1171 11

7771877 679 14 1
(111618111644161
7717 681161118171
cerens 766111

(27187191 177 1711961 1
919111111811911171
41110111
«1914141 11

7717811 791119 1

cerebro 111181
7717819191 77819

7917111911 64717 ¹.
017719114111484111
699194114194111
818119* 18118 171
111

1717918771 71

Cerinthe 717171

071177 v. cente

7719777 716171
11111111.
97117 7117178111114171
91111141191664111
771111711118116841191

anem 797111

7717719711 genade 717161

1811881121““”

certamine 4161111 7741 ”

certamine 7719111187φὲ ’11

certene ,684111

1999879111

certantem 4711191

1977997697111

certate 1961 61761 ι81
46881161ἷ681871861ιἶ
1 1 1 ’

7771111 1877111171 66171

9711714171178818

certatim 778111

77111117 8911 7 1

9711816717179718616866
91116181

tenemus 787111

cenet 6171111

1881111111

7791117611 7941191-

cenis 777 ι 8117113186Φῖ
1118671111

certene 774111

«11181674ΐῖ1

7719171111714111148

191 9717

77179111 neu 7491111

77711711,4171191794111’ ,7671191768171464171 779819611111691111

07779719 499161
Cecropio 1491 71
111111116191111

-49911917191117191
11641111641191

mammaeam!

79171478161498141 ’
971191 Apono 77191
cette: 77117171 766111, ·

 

