vomut'oktm OMNIUM:

1101114114614111717
1897191181741714118
1111417777 · 1116141491

7161111114191769111
Ι761161871141861181
111111 8 701171

111161117711101776111

614111
1111111171 7141111176117

’6771 166817169117

718181809171870171

‘viri 71611. 771717111 61 111101 1761711601111161101 Ι906 141

viribus 4771 41 740161
691111781141811 ² ⁸¹
ι810141876111

‚nudes 70141971 611187
,61777141718191

,1111111 718111141171 ³ 11
,141191198141

f 71111111 87111

virne 8901 11

11111101 171 : 71

11111111 -888 170 1

011111718181

virilia 111111 817191

7111111 7711 1466171 8871141

viriiiter 806171

viris 67171601111806141

, 817161

vitium 878 : 81

111097161140141191111
1981818141101

1110100140111117171
141181744111814171

111101417161770191

711101171111116.ϊ1471
1,1 117οῑ6 1776111111161
11111 1117161411114611
614801714841117011

. 1111141811811111961
91600161619171611171
618111681111681111
711191717111714-191
8061101809181918711
61876141999111

vinus 71171100107717 7181
1 .

, ,71111111711110 nescia 1 &c
Ιι47;11

vinus post 0011111101 7191 4 1

virtute 7771171 4171014781
111110161917648141
6991111111111841191
870141898171994111

1111010111 776 717771917145
11181611118101718711111

virtutes 4171811771111841111

virtuti 619 : 7 1

virtutibus 7²9² 1 Ι 8117171
816141

711101117771 7177611111
716171801171 Ι

11110111 110010 7791171

111111411114611011471
41177111191111111111

711119Ῐ118818111ι Ι

711100100141110171
164191111114911 1
471191471171474141

fimi} [4538 111470 t 11
’49911111416146111
7771416111111671111

{storum 611171
Viscum 7971 71
11111111 717 .· 71
11111111 7141 7 1

71110801 107 = 4 18601111
visentur 110171

⁸ 711010 9141141171177161

4111114971611111161
mes ⁷4⁷=⁹1
vifit 7711111

· 111001118111860141

visum 671111116101
11111101 8971141
11111604111761117116711
1111 19118141711149111
118818131111811·

1111010111 711111777181 87781
11110101 7471 71

11188 8814114101139161171

1111010701711187111471171

rmum 770 1 1 7 7741101
11711111711119·1Ι
610161047171791111

,8.09ῑ118781101897161

1111001 1011111111 6803 1 1
vitm 678 .· 7 1
vitream 771 81

,711111711111177481 j ,97

11111711 6417177161
mabit 7601418011 101

11111117171161881717171 :
4177614 16181181681111 ¹ 1 7
6941716981171777110 ¹
767110180111181117

867161866141900111
,901111908171

,111117 707 :4

1111111, 61819

111101461111701 141
1111111141617981111

,1111ἷ8111’1““

1181118181 11

vitare 865: 101

1111191111711171

111116111411111811111
,899141

111110 774171

1111111111 019 ·· 71

vitan 895² 171

1117 77ῖ11141111

mellum 671111

vitellus 6771111

1110011917 1887141 “

1111101 711171

71171 verb. 6117148811

vites 171101 8711176811

111117199;817941617471
11

71111146111119 181177ε
⁷1m=4¹÷³4=5¹

1111111 677181

viriato 61824!

7111110111 677 11

11011111 796111

111111 11171748171111171
7761111111- 1 1141171
77711.111777;11161Η
11707161707111811111
810171

111111 pinguem 1171110711

11117001 6181 11

11711101 6761 91

11111 718 171

vivam nom. 672: 71

vivam verb. 7171 1617471

,91711161817161 .
’7111111 7711 1 1

111111461116111111176· ’ ’

11867171
111111111717061117701

,31111191776111806111
'W 117161878141

71106911111701797101 ’

719 111
71110111 719 1 1717791101.
mentem 787 .· 7 1
11110111 707111
viventi 7101716701 71
bene vivete 779141797181
1111111901171611 1717017
Ι41711111317441111 714111
76911177118171714181
8181118771141
7117171100 [εᾶὲ 7 11771111τὶ14
111111 reae 871: 7 Ι
viverem 777181
1117111 149 ²4 1866 2 171

117111 188111774ι1717801

vivet 1771416841111
nvidus 776161

11111101 796171
11111780181797161 .
11117111111161117118

111718 ·11801;11841171
vivite 617171 ’

vivitis 747161

1111771117

 

