‘VOC'ABULORUM oMmtm·

664111661111 161111167681611181 urgent 116111
,91616 7711166 964181 1616 767171891171 611787171761771
8ἕὲ8 81171611 11811111111181146, 1181811617116171
,votes nom 787191 111181 71416171 7161818131111

719161791 111777161 76717669618781111 -1116716717·741171796181

777191816111849181 161111871711181711811111 1161111167161194171

89111419661111 4911417671111168171 11916617111671111
Ι76711 11116111 887161 6911116981161 uror 18141
voces 6176. 61111 76111774161616171747171 11167 779 1917114191
-vocet 111116611116841171 7011118111141 8118111848111 ’
voc} 111171 voto 161171 746111 Ι 7891171 ursas 4811719141 81
76116611781 111881914161· votum 777 111 1117111 786111

171433171494191 voveat 747171 · 1181777 717111
vocis 370 110 1 voveram 7811 61 61111111 416 191
16176767111169171 167111171911111 919116199141199141
volanezius 7671 11 mmm 416111 6161117116 141761 ² 11
volantem 14027 1 ¹-utbana 7891111 8771 71
volantes 717171 urbm: 7117 619677761117161717971
76177 8141111 815111 60111 ¹4lm=⁸l
161117 484 : 6 1 11111776 891:11 1 7197166616 8871 71
Ι1611117 817111 1116181181 700161 81881611ῑῦ 46171
7017117711 7 41 urbanus 177 141669 1 41 usqne, 1611,111761717171
volens 886 1 11 Ι 761111794111816141 48411616161717611161
,7617717489111 61877681117871114773 1119116967 8671111
volentem 476171 717971717771171761111 usquead 711,17111771711·6
161676717149611114941 617171617177697 2 71 18111116614118ο 11

1174711618114111710ε 78 · 417191491ῗ611111121

111 11116814119141116141 7711919611111, ,
80111 11119 1116116 1611181 4671161481111491111 6196616711966967611771761
811671111678141147ἶ 199111197111111171 174171 .
1117771818611618781 1911111911171666171 1111617677
8.

6199111019641-11 67171766171788171 66114611
76111171184111 891161 666466171
716161911161 61617111161717171767161 1716111111
volubiles 161 .· 171 186171781161476 = 61 usum 16711 119114 1777171
volubilis 7191171 471111717· 71861111 61411 1617171789117
volumem 1181111611161 87811 188111 Ι usus 16661111. 74417 171711
1616611186141 61117111614671117981 719111766111786;4
,761611177771711771714141 11841161 81818186 16866119
71 ,1116111117 69181 46411 177711 Ι 8681 1 Ι878 16 1
vomas 6171111 111111 11911119111117191 1111191911 111119 1 1111191
161166117116181 11788191876111 716641816717184111
volvem 1677. 7717118717 Ι nubium 7161 111161111741 146111114711146617
7961161 7 468171471111478117
vomerum 767171 urbs 41618 1Ι 479 e 11 4761177 ,7 Ι 7681
volui 647 11 18741 71 urceus 874117 Ι 7 1 111 :11 16171816.
voluisse 6471 41 urenda 71417 1 :ut 716 adeo 1717171 81 76618
votuit 19617 1647161 utendos 794 ²¹1 Ι 1119611116.71111161711811
volvitur 417171 111111 490141 4711160111684 9711
volumina 784171819171 urente 166 ·· 91 168191781 ² 7’181-· 91
volumus 7441111 111114671611971111 411171417161418111
191111811111991141 111171188161416171 419111614761114111
76161177 161171 116116761117991191 114111114611 1Ι 1111
ι11610711ος 7711916711717781 utet 661717741161784161 1 1681171817.
9-18481718 71141 ,urge 6961141694111 ut pro quando 7861714181
voluptas 16717661617 746 1 γ1111611116 1881 2 1 7 1 4 8:61
701 urgent 67171 711,16171,9611(111761 447 2 11
¹uoluptates 7461 16 1 ungemur 467 t 71 417 z 7 1 486 1 171 616171
voluptatis 17716 967191 urgete 680 : 4 1911 17 1 761111 1818191
vom 7071717191141 urgeris 141171 67117711661169 119181 11
vomerem 416181 111111811617771417881171 767171797171447171
8617677796171 11911711719618191111 747181
vortices 187171 14911114891111118171 Ι117,ι,61767177741 .· 714171
7618614181111766181 6791116411191647181 9141661
761141767111411-191 6911117911617101111 11111111111611497ῑ41481ι
417111111111 171111 8171111117111111111 11698171

 

