1011116101 108161
1001116111 761 1 11
1011111111 1901101
10011101 119181,
contruxit 471111
:cnud-lutus 811 1 11
101111οι011 191141
0110111811 109 11 1
1001061111 1711 41768111
10010611 171 16 1 70111
818181 ⁴
100111111111 1611 8
1001111111 1611 11
1001001111469 1 11 Ι
contundet 4111 61

· ' 1011110111 741111

100110110111 771181
,100110110111 881 : 111001
10 ¹
1001110111 7141111 891 1

1061110161 81411 1
10014041181111679161
71 1
conveniunt 117 111
conventu 1811141
10011111481111801111
10011161 881 1141
,converso 109181
100111111141118 1
1101111011 849 ² 4 1
10011111184141
conoide: 1741 81
1001161011 1111 101
,100111110711141114
111111611111611161
mumwmwn
148111181111
1001111717161860141
1001111111 101 ² 4! 706181
mm
10011111 1661 11
101111110111 1101 41
10011111171101 111181
7111118191141
convivis 610161
101111101010 468111 ,
000 674111
10091110 619111
10911771111111111011
1111101141617111
vwssmmmm
817191866161
copiam 114111
109111 4171111
1011011 19111
109011889141
coquite 911 111
coquitur 118 161
10116411816171618801
1011111118 1 11 1101141
ὣῆᾙῃώηί
001100681191688111
1016191111
wwhvu

, mr

{Nnflx

. cutlntlu 1911 1
0011οι111101 80611 Ι
mundanum: 1 1
codo 689 116
,00101 611111796191
comibus ψι 14 1
cornicis ,4111 11
1011111111 744 11 1
coum 111111146171

Ι cornu, 1 , 1161160 1 619,

wawsswssm=

, 11101111114711111641
116171141

10100 710 10911 plenu 17811

cornuum 110111

1010111111 14 1 4191118941
10 .

101001 1411111471101

tutone. 1, 101101 8111101
9061 1 1

10100110 74 161 1011 11
606111861111

101001οι110 111 181

0010010 718110 1

,1010011 179 z 11101191
661161

ι 10100101171111

1010011 814 · 61

1010011 401 111

corpora 441 11 1

1019011141111116181
9791811811111111111
wmmwwm=
1017081111740111
761371118171

101100 416111

1019011601 1701 71

1049010640114 Ι 1161 11
161 ‚

wwmnuum
711110161411161111,
Mmmmmmss
111461618411111

1601841111 .

mustus 7941111

1011191111 66117 1

contige 9111 7 1

corrigere 961 61

10019011 191 11

coauget 710191

commum 199 111

corrupta 111191

comptius 168 1 1 1

temptarem 708181

corruptus 6141 11

corruptus iudex 611141

1011111 1901 111 114181

1011111111 18614 1

Corvino 111161

commus 601 191

1011010111 190111

mmmm]

1911110118114

(0111014611 687688

torvus 807191

C 11610111 68111 .

comio 679²ss

106111 144141

1011 181111

1011101111 819ῖ81

1016111011 164191

cothurno 1411111697ἶ 4!

00111111 1. 00101101·

cotis 1991101

Cotisonis 1871 61

Cotym· 491 ῑ41

0111187 11

eamme 11114 1

1111711411966Ι166188
,1701116111111111
18011161916169634Ι
4141911491117161
0

11161 111161

111111 81101111 611161

111111 8171 11

0116 611161

campan· 161141

(11601111 611161

11181110 unguentum 961

1011101111ΗΙ

1111111 7171 11680178

1311110101 6111 7 1

mmmmm

0111100 111811 1

emmau 144 ·“ 61

11110611 7111111

creantur 1181 111

erebus 91111

11161071ςὲ11

11161111 48⁰²¹3¹¹759²¹¹¹

md„ 499111 611 11 16141
791791161660868 8393

cze⁷d¹ut 1661117081601

1101010101161

10111611111101111111
,71618111641181646
Μψῆωωψῖ

11061811 61611186114Ι

1116111 11911 1 11818116ἱῖ
11811 111

1116111111 181 111

11161111 176 :7 1

credi 9011101

11161661 196 171

,credideram 1981117111 11

1116161111 814111 -

1161010101 166141

⁴credidit 250: 10 1 147161
4411116411θί

111611 7181111111 11 17111
114881718181118661
¹⁹

111611816111899101

1116111 1101118081 187161

11161101 6441 41

 

