,1001101011111 0111111111

’111-110181111871111
1011714111417171611171

1161111111» 9617171418 1
.117111491181111·41
7101111

lenit 107111

lenite 101111

11111111 1141 11 686161
164161116191

limus 8110141

leno 6797 71

lenonis 846 171

1101161117 1

11111111111471161

1111118011 197191

1111011171617161118611
11

lenium 411141

111111 111171847141

11111141

110111014617 1177111
,614171

1101111107 1 4 1749181 .
471111481111111·

iconi 771 111

11001801416 1 91

111111611111111 111141
111771111

11011111119017

11711110 896161

Lepidum 816 1101

1171011111 14019-1471 1 111
117111611141

1111111 711111

leporis 676 : 61

1111011111 711 ² 7l

1170111111. propr. 699191

Ltlbli 46418 1

81181177191

11610101161111111

1118111111 790111

[cibos 776111

Lesboum 71711

1118770118 911191

lethea 7971111

11181103 477171

lethargicus 641 1101

lethargo 61116 Ι

11181191711091111001
11701181 ¹

111110 118161110111461·
141

lethum 11171

levant 6111111 8161101

11111111 8411111

levanti· 468114 1

1111171191 1 1471181 4891
11

levarit 666 1.7 Ι 691111

1111681 111 111

11111168191101111

»111111 481111 1

11111* 111

1111711111 1118747111--

’111111 441117161111 ·

’ 111110171187

11111111 160 1 8 11901111

· 7141118011118911101

leve 7671111176 710171- 11118111 1171111701 2 41
11101 prima* 117176 11 = 91 715616611611104761 71
8661617611 brevi 616 1171 1111188186180181171174 1 6 7
1111101717161114711 71816111
61749ι41897141 1181111001 661111704161
levet 768187 11811101 6491171689 = 41
leri 7111188178 171 1 61 Liberum 111 1 414101 Ι
4111111111111 81
levi 711111 11111 ,910181

1181111111 1001 ’117101 81
levi 11111. 84 111

11111 6114114111 14111
11171111761111
libidine 4811771717 1 ιΙ
1181611111 410 111
libidinibus 708111
libidinis 44717 7
levis 6111177 ,1 1 1 98111 libidinosus 4661111
191161141111411141 1111111111 77111
· · 8 1 118160 81411111111781.
87 991417111818401

81811111 8111171

Libitine 6911101
1181011110 7601 41

libo 7¹1.= 81

Libonis 819 : 11
118111611118661181 .
Liba . fidus 111 171
libutius 9071 111

118111 Ι607111616 t 1 Ι 6981
i 1118111418611111

levinum 171 1 11
levior 1901111

lerion 164111148141
leviore 11411 1

ieviter 877 17 1

levius 961 77 8661101

levius miset 701111

lex8 7884 8181184411 Ι 8171
11

lex opeiis 864111

lex Roscia 770111

1181 771161

libatis 699141

libent 774191

libelli 41911 1

libellis 110 16 1784 141

libello 61116 1 7171 91

11811101 1101111 607141

1181011110 7871 71817181
88101114191481141
,71111111 - 7
milzini Ι14114141711 1
libya 648171
Libyam 1761 11
11111114111771141
11101668111914111
· 1 811811111141478191
1111117101171011111 7111171761011717749161
1117877171711971117111, vel 9111111·
11811181811777 , 71
,1761111871111
1111111111,
111110116.1911·1111146ε
417161111408141
1111111111111
11186117111177711141111ΙΙ
111111187161898111

1118613118 = 91 111 61
nillil? 1111781111 i 1
1187176610. 81411 19011

liiiiiripr. 11 e 4168le
,1111111111171
11881710 496181171469 :ili
libeta 11111 879181

libem 4161111
1181111174 1 41

1181117 7911101
81811176141411171
118111 49111 1

11811101 8001111

libellus 111111117 111
118110 178111169191 ’917181

Libero 186111 81101188111
118001414111444111 Licinnia ¹⁹⁶²¹i¹97²²l
liberum 441141761111 Licino 8991711
1181111111 80911 1 1161011111 11

libem 111114 1 1160118111 760141
11811111809181841161 11171781 171111
877167 licuit 871161

1111111117· . ’

 

