81118811

68116111 871 1 1 Α7111111166111461 181
11111681 177141 18110 7111111,
1111161111 4 7 1 81 6711 146111767 11618761
61111111 1611111171 11 A
1617161117681118161 1116161811 ⁴·
61111116116111671171 18818147111718171114η 1
111111111118871141 1 1 666 1 71 6491111
6111481111741711661 767141 ἡ
811661711861714661 171616148171677177
114111114771714811 181111 786171881171
111141716761711141 1111161711171617111
41714 ς617161713611 1111101 731 ³ 41
71871161877791 1711611671171766171·
11111661,1,1171611681’ Ἤρ 47161811
171 116
11811111 dutinus 8761 71 agendis 764 11 187717 1
111111Ι 887 1 41 agens 186171
eterna 16816 1 agent? 117171
metuet 4171161 18111116 811111 ¹
*1111111611 111677111167111 ,
11111161 141716 1 ngat 7691 11846 1811
aunum 16117 17461 411 agerent 897111
· 4161117741141 171111677181
11111111177111 116881411771618111·
«1111119111 61
Athiops 176141 1111116 188 ,1 11
ἕ11118111419607181 91411 11 818131178861717144171
,Ε16111817171 171111118711111
6117711717161116 18171· 67171661177111416771

111674141171141186117111811417971116111· 1

,77777777771711111 111411171641171

661111761141741·1
mummium& ,111
41711 761 ·· 11761111 1111116111 6761161
177 = 1 667171741141 11111617011111
611116111661171 1666111161

6181 786111 1111116 1641 111
6· 1161711711 11711111 477 1 71,

111114 4171 · 17161114111611
1111111 6711 18 1Ι ι81111111111111
161111 7671 7 1 11111111 189171
1111117611 1 1.· 17111111 711111
11111111 7171 71 171111 8161161
81181ζὲ871 2113ιίἱὶ ’111161
11111 167 1 6 1 1711111 1111 111 817 = 1111
11111111 7111111 1711116187 161, ¹
6811811771 1 411 multu 417191488141
affluentes 467171 6141161·
1111111444 1 61 1811111661 146171
181181187171 Ι1111416141466 1141
,11111 1111 4771 71 47116167814-’1
Afra 16111111 678 111 Agna· 774161
1111111 1174111 18111111 11171 117171188·11
Afric· 117111-1776141 171677171

147· 161 1161 ,174111
,111111711161 11111111 794 1 91
Africano 46717111 181111 446 1 7 1
4111111 7771 171 igno 466111
Africo 6614 1 11161 718111617141
,1111111111 711 1 17111 7761 7· 1111611111 718161
Africus 481 181 17111111 787 1 71
Afris 1711117111141 18111 146111
,466118111174181 6711811718171871141
,61711111741111147411 11711711 7111 11 1 1111

1119111 ’a

8611, 1 11 1
1111111 144171
67111111 867 161
1171111661 141 171 116’·”
17117111716711117761
1711111111 8411 111

1711161111 7661 81
agricolis 784 111

,11711771 16 1416714161

831117ζεῖ74 1 61786111

777701417741117161

1111161111144111711111
714171787111,

1111111 41711811111411
71171161178171 4811,
117771818171118181
61891161

1611161871411881116111Ἰ
118671718687111

1711111 477171

17111116 8861111

111116 117141

111164171116111

111111476171

11161171171

611711116171 7691118141

aheneo 1116171

aheneus 1761617161101
1111611111 1671161 ,
61711111 77111 1 ,161 1 41·
Aiacis 466141
1111116111616161 mn&

· 11181617911111

1111111 7178111

1111111 7741717141117171
,111111111111111

, 111161.717.·17’91181789ς

161
1111766111
11176614171811117711-
916161816661417611
6176711117761118111·
,818671141
1111111 7681111116771 .
611787161
1111111761
116186411619611111
111171191166111717111
81888181679171
11161111761161
,41116146714 1

81

tubanus 161 = 11
Albanum 7171 11..
albatus 617171 ,
albescens 767111 1

1111711161,

 

1111161111 771 1 41 767711 ’ ¹

