’11188 18111 1111111111
. 711111· 116116 1 66717 1 91178
71111111611111
711168711161
,71116111 141 .· 6
veloces 41616
711611776171687 171
velocius 46717 1 0
711611 71171746111411.
81611161814161
71161 unimus 6111 corpote
8117
7116174114177111146181
2wssffiwmwn
2wssfflmmvss
61611164714116614,
171868111614181
,velut 6177111171
71111111 77711117111418761

,7111111771 11 1 116 11 Ι 616171
6481417611161811161
8111161911171

Δ71111 1161 11

veui divite 666 171

’ venabula 778111

vent 6711141

1116111116 676 14 1

11161111661177161

11161111 ,718 11 1

Venusto 172261

716111 117171111181

7111111111 76411 1

7161111716141817111

7161117781118111101

71611711171791111

venaticus 741 141

716116161 11140110111711 1

71111111 6671811711111

7111611116 7611618111 11

vendere 8111111816ι 01

venderet 666 111

7111681111 86716 1

vendit 7111418161101

veneat 61417

71611116 410171

‚venefici 461161

7111111111 718111

7161111 199 ² 11449141

’ 471171194111

venenat-«89 1711

venenatis 88171

veneni 478111

,71117611 1011114801611881

,7161116 616171876161

71611616614411111

‚venentur 77111 1

venenum 1411111811816171
101

716111811161 687111 Ι

venerandi 8171 11

711-11161111 416141867171

71111111 671 ² 11

1111111111 676 : 11

Ι1111111111 761 11 1 877171

1116111

veneze 6661 16 1

7111611 778 ’11 1741116641
Ιιυψη

Venerem 11714 Ι 16714
twnmmuws
11611611 1161 1 1161141

Venetis 6411 Ι 7171 417411 71611616 a, 7111611111 4141

11 181 111 4646141697

4141711611116891111

1111111
71111111 744 111
7161161 661 181
veni 741171411171 771111
mffiwsswmu
71611 caret 667 114 1
venit 8411118111111
7161116 1161661 177111 74616 Ι
ψηΜΜΗμΜ
venum 1111 671171
6111111111 1
veniat 767 1 61
71611111 769171766161
venientes 11611 888181
venies 7671111
veniet 8111 14641111111111
venimus ,87116 1

Δ716111 118 1111711617 1

veniret 8111111891111
761166611617 671 1,·11
venis 7176. 197 17

,7161111 784 .· 11

venisset 767 .· 6 1

venit paſsm: 71777111

711111 pram. 7681 71676171
6811111608141

7111111111 4871 7 1

venor 8111141

venter 471161716171

venti 71111716171

71611 secundi 876181

‚ventis 1717161161166171

186171161141711141
fflffiffstfflmwfl

,71616681711601101114111

ventorum 161 11
716161761717616167111
7117116116 Ι8111 14 1

ventsse 84117 1

ventosum 161 16 1

ventosus 76617 1

ventre 781 : 4 1 7661 111

,1111111111 471171111161

ventres 71741161

66ψψωὼμή

7611111 ’7111161

ventum 61161794171

ventum 18 1181 111666111
761 : 17 Ι

ventura 811 1111

naturatum 1 11

νᾞω161661

7111111111 677141

Ἦω66666
89371104111111111116,
11117111186611761 1
1981111166161717171

1111111111
· 76141

1166111166 111111

Venusinus 616171
116111 766 171
111111171 111111
71111761616641711471
81 811 1 81
vetares 4611 11
7111716171166141
vens 6661111
metu 177171
ΜΜΜΜΜὼΜ
471 : 4 1 111161 6111111
6111111116641717111
811171611411111141
1118641618161118661
,1111111111
711111 6111677171
111616676116168671111
71161611 81141
verbenis 466111
1111611111

7111111111 141171

verbere 747 : 4 1
71161111 ,467171
verbi 6411111

verbi· 767141461411141 =

11148161141111161 ,

66111161111111161111
876 181

,711166 767141

7171161116 877161
7111111111 7116611186188111
verbum 711 z 1 1 7461618 41

11111118111161

‘vetem 641191

verecundum 1⁰2: 11761111

verecundus 487171891111 ,
Ι7181161 1161 41 1411 11111· ,

‚vergit 667181

. 7111166111641111111

1
17117611816111111111 1
7111 prmo 181141 ’

7111 761111111111170111 7

1

1

ωηω6668 >

7161261111 444 161 611111

668171868171886141 ’

7011 1 1
7111111 67111
veriti 7161 7 1
veritus 774 1111
vernt 8761 61
venaliter 761111

711611, 1111111711 1111
mmm!

 

