VOCABULORUM OMN1UM.·

· 7710117111667111 711171111841161 . 111161111111
ι717117170111117111.171117111 81111111114181811011 wag}
prassffl 6⁶7 ς ¹¹ ”gruem ²⁸8 m Ι parv? 8011111 1177111111 6181,Ι
7111117118 774161811111 81111111, 794221 ’ 8111111111417114111
pretim 616177 7171111111 7741 111817171 pravo 877 ² 141
⁴pmclm Um. plur, 67977 Ι 906771 ΡΜΟῙΕΙΠ 6603801
,prauum 11⁷³ss 7111110641111111111111 111110 111111
7171111778171 9 , 1111111111111
717117107771101 711111111111149141 1111111111111111671111
prato 7761171710141 878 ·· 7 Ι 11111111 117 ¹ 11
praeconem 7⁶4²¹¹¹ 7111117110 761111 7111111 7067101
ptaeconis 44² : 6 16777 71 7171111111, 67916 Ι 787 111 1111111111 1161 11
17111101617 48711717777 71 prastaam 7771101 ’,71010 1116188141171111
677771 1171177161101 1461111111114171141
Amemus 4711. 1477 17 7 punem 1611111 611141110111141111
4111771 ,11111111 1111111 1611141
7100011117 774161 1118111 111111 τ71111 1111111 917171
,71710111111781171 711110 est hb. 1. 8111. 1111111111111786111
’1171111716111011114661 11117· ι 11111 ,111111 111111
711161161ἇῖ61 Ι 791 :1 Ι ξ1ἔ121111111161118611 1 81 1111111131777210116118 21 1 767 ε
7111617176111 , 1111111161111711111111 114111614661817011
,71ε81011118777171 411711711081 717477 1018471171
7171177771716711717171 1114111614611414141 vm 111111 411111
41 611161111111111411 mutuom!
predonum 777777 611111116111 416811 11111111161111111111811
prefer„ uano] 7 1611111117 118111 111 611161
Ι7111111111417161 11901161 ,111101 161 11 171 1111111
1111111111. 1111111111,.1111111111
111118171611072 17818.. ι’ 7111011046111 11 7071 41 ,1111111131 141 8111 17 1
717117 77 : 101 741 7 Ι 1771 7107710001771 18 Ι 901 ² 11 ,8111111111 906 181
111171 11101 ² 11111 = ,7101111111 111141 111111117181111
717811 614071414701 ,71777171111007 777111 7111111111 17717 1
717111417771718771 777171111777711 71111171 n: 41817171
ut 7101711010 717111 78111111 777 1101784 ε 101
7711111 71 : 71 ptumum 760141 711 171 7761 81864171
prabum 416171 *praetextas 116. 11110111 8787 8771701
71710 14ι77 61 1111111111 111111111
⁸praelulcet 777 761 7111101 67471167817 18781 ,7170100101 1481 41
,11111161111141114741 11 11111111 111111
111601716141817441 ,71010117601117871717741 7171101114111
111111118111111111 11 ss 11111615111111414111
,8111111117 160111777111 ξξ100111111111111 ιΡ1111141111-10614κ41ι
11701811017841 71 7101117701 861 ³ 1 Ι 7111111 669111
1811818118 1811111811 · ’1611111811
praeparat 766110 1 7171711001 774141 711110 107111
7177771117 170 .· 11 7707111111 v. 7107111111. prestun 410181 -
preponens 747 :10 1 Ι7171778117 661 ·· 1 1 711110 11011 171811111711
7711711117 7111117171 ,11111111
’7177711711 701141 pransa 7071111 7110110101 777 ι11
’7171011110 614 :1 1 praefi 7771 11 7111111111 7071 817771817771
7771171777 6777 71 pransus 781 ² 71 6171714167711017771
ptaescnptum 187 17 1 7111 pun 701171416111 101830111181011111111
71111701 170111 ²¹7 171 1671 7111111 71181 7717117111 7 17761 8111111ῐ1711191111111741
114182101644271730: 71 111181116111111841
81871161887111 ,71110787771 71ι
71717011017177111876161 717110707177411116781 1111101ιά771 787171 ‹
‚presente 877171 717071 11 ‚ 1111111111 44: 1161113113
¹presentes 6171 11 71011111 8661 11 1 11111111 4111111

77717771 777171 ζ ι,71170647111774-,111 1111711111 1863111, J

 

