110 6776767617 ’0111111116

71771717777771 · 1116777177771771711 7717617167771
bevera 7¹1 : 11 ,9617111 robustus 141111
7777771 7747 71 6477 716177 ’1617777767 667 7 61 85² 1 17 Mens 448 ι 41
717117771967771 . 1111611116 661717171171 7667777897771
revexit 7787 771 164111 7667777 676 7 71
:evicta 178761 11111214191 10611171771
77771767 120: 1 Ι , 1 1661161 5⁷4 7 71
reviset 767 771 , 1 negabat 764711 161711
reum 641111 d = 1086660471111
77767777161771 ,ζ = 16111647177669711
revocas 7717 71 7 16111 77477 11977 117767
sevocat 661771 , · 21
revocavit 477711 11111111 761 17 Ι 166119 768: 11
:evolvimus 817116 1 11111061 6171 101 '08¹⁰ 116 171
7777667411717114111 116711 661111 . 16111661777171 617711
811477117477617477 11111619117116111114 776771
116417116117717761 111111667711 *03542221'725571
71777171777111167ι 111111161 ’011111661619717776171
7618777171 111111 141111 1060711711
17771777 putetque 761111 1111174714 1661611611 9101111 ²54² 1 1 768171
7776117771 · ,11797771 777117477741477171
11176767 476 = 76 1116, 411 = 71 4997817617 7617777
Rhamnes 9ο 77 7717777 492141 71811111
rheda 67777 61 1116111 164121 161111 116711
medis 167771 . · 6166479161 1161617 774741174741
116161674711 1111111111 4131111116111618771
Rhenum 7747 71 1111777 777771 674 7477774 7 7177777
11777671167418671111 776777 7761111 617117717691117 8711
thuoris 101741 7167 41761796 1 8 1 1161 8717 71819 :q 1646716 1
Rhodani 23724! 11 6661818677711
1110110601111 Ι 1110161391131 110611111711791776111 0
Rhodon 78771 11111 2171714111411111 ⁷⁶9² 11771171711741
111666176147711 616667116777719617 1147761
777777741777771 ,777 , 176777717777176771
61767777.1117777776117 11111 161111 1161111111 6611 174771677711671711
1117777667717171 ι121 , 741311
Rhoecus 2⁶3271 7777777 747 = 77 1 7777 771 noman: 777777
7176777177 611761716761 7444111761 111671111 1166667777 167161
rhombos 671 ι 77 , 966 ² 11 11661161 674111 117 7 771
7667776767 1717 61 771771 4616 111 1911661 11661771 117711
- rhombus 11741677111 1161417 637111 1161667717717777771177771
411111 · 71717 plural. 76671 1 nomam 177771 967 771
1161616666711 11111141611141111161 6161617711 17176 1167 7 71
7717777771 7177677711477171 1777771 ’
rideant 448: 111 ,497 177167161 Romano 676791767 7 711
716777877761 ’71777 74 761 1747111161 Romanos 45725'
ridebit 171761 ’ 41616111641116771 11667661476741467771
716766187141 ,161 671 = 6 1 177 7 71
uidemus 7647 71 111111 9111 111 1166116117 7617. 716791
71676667777111 1111111111 11616616177717677791
7171777777 477767 717717 7177767771777111 11067167167777741
111971111 777677747617177717977 1166616677741
716677177917197161 1611611717411711711 6161161166 818771
ridentem 9¹=3l508².4² ,11 · 7677764711717711
777111ἑ1111114’ ’ 113111ἕέ ’4111111176 :0⁰:2²253102vss
uidentibus 8167 711 ,761177111 7617717717447717717711
ridentur 777711 ¹¹¹² 767 77 mse 777171717777 7777
777777 1417771 71777 71761 777 7 7 17777 {⁷¹ 404³ 47
sidere decorum 177711 ,7671771771 6666777771 =
fidem 149711 777777 177 ·· 71 76177Ι 1777 7 1
111111 533 = 11 matum 177 771 Rosea lex 716 7 71
tides 177777166177616177 71777777 8767 41 11611167 6967 4 1 617 7 71
5173326,8,121322;61 ¹¹¹1⁵10214l rosatum-21
870: 761 roborat ³79² 71 tostum 443241
71177 7777417177 717767 7616776171166171 101161 661111
11467717667171147711 161767161771 - 77777777 718747111 5

How.¹ ΝΝΝ777771

 

