v'ocmtowu ’0818118811

181111 116111811181

’1111111 1911 41

1116611111. 1114111911111

11169161119141111

ν1811881 ι641111 66161111 1

111111 nomn 111 11 1

11111161 411

11111611 1111 11

11111 166 11 1

11111111 1881 1 1

versate 1861 11

1111111611 811161111ι

1111111816111896111111

versatur 161111

1111111161 864 111

111111 6611 11

1111111111 116 14. Ι ἡ

11181111 61911 18111118411
118111818111618181161
1111111111161111161

1111111111 111 1 q 1

111861161461111664111
6681 41

11161 81111 ’

verso 111 1 11

1116191661411616111611111

vasum 148111 141111 8111

1181111611116111111111496111
1411416111111111111·
711991116611116611·
11668111611141614111

111141816111846111.

841111811116186614
8111418111811161111

61111111 ,tacu 111111 1

ursus fingere 966 111

versus inopes 11111111 96114 1

versus inertes 911 1 14 11111.
161 ‚ibim

111111 sub'imes 911161

venas 61611 1

vetus inrisum 785² 11

verm 435261442231

vertatur 889111

vertent 6111 41

venerat 191 ῑ11

vertere 1161411411111161
1118411619111111

venere 11111 ludo 891191

verteret 116 1 111

venerit 464 111

verterunt 461 111

11111 841181

vertice 111 ι 466161186141

verticem 18 . 41 111 .· 11

1111161111 111 1 41

vertis 414111

venit 111111466 1 1108181

11811“118111“·111’“4”

Vertumnum 824 : 11

1111111681411181111 6111
11640411111111611
1111111181111111111

1116166681111161 111

1111111 111111· 4111911111
611111111111111
61411161111111181311
111ῗὲ118ῗὶ·’111””8’

vesani 1141 11 Ι

11111111 611181

1111111111 911141

vescatur 649191 ’

vescere 161 111

vesceris 61417 1

111111Ι 1611 41

1111111111 16611 1

111161696111

111111 111111

1141116 181111111111

119111111141181

111111116111 1181161

vespertinus 4811 7 1 6111 11

1117118161111111611141
11864111

111114111111181

veste 111111118181110141
1161611611191

1111111681111868171

1118194 141411161116111

111.

111111 819181111111691111

1111111161 466 :6 1

vestiga 161111 1111 111
88114 91841111861181

1111618114111111111

11111111 1111111 ,

11εὲ11 6411 11 11611161
11111 .

1111111 811111

vestiunt 1181 11

111111 88141

1186810181.

venus 1661 4 Ι 8111161

1111111111 4119181 614 111

vemt 711141 111

11111111 1481411
1818881111

vetas 614181 ι
111111111111111191181
411161168111186111
668111

veterem 16611 1 641181
166111

1111111 1911 14111116441·
11111111111811111
veteri 686111
111111111611911116191
1616411161 ·
11111116 169111 ⁴
veterum 111·8 116981111
11111181191
1161811111
111111461618881111
1616118171

11111111 18191

111611 ,111

fault 6411181111

vetule 411111 ’
vetulum 168181

vetuli 111111

vetut 61161188 ·· 1 11111
1141111161611116611
811111811111818111

vetus 11111 811191

vetus 1611111111 891 ² 11

1111811 86411 Ι

11111111 414 1 81

vetusto 1141 11

vexant 184111

vexare 411111 188141

vexas 411111

1111111681 74524 1861111 ·

vexata 461111

vexere 251 1111

111111411411811618161101

1111111 896191,

19111111161

1118611141

111166111141161168111
118111114161111111·
861111816191968171

111 satu 416161191171

111 vite 968111

1111161141

viam 1111 1441111181
Ι6114141

mrum 111111777181

1111111116,

viator 166111111814111
,111111184111

11111ιά1111 111 : 717¹⁶= 91
,9111111161111

1111111111 1141811691101

vicatim 41111 1“

116116111416181471111
41111118111101

111116411181601141

111811 111111114111111111

1111619111861111

vicina 11111 Ι 166 1111888
1118611111

vicine 116141

11111111 14114181811

vicini 11111111891 16

111111116918 169111868181

vicinos 611181

vicinum 4472101554214}

11111111 181 116 16111116911
11106111861111

111111111118111161

11118116 419111814111

vicos 1911111

vista 148141

111861 416161

victi 4961141

1161111161111111114111161

1111111111 111111

11611181111 ,

vider 16111 16414118611
4611814111111481111

· 88888811

 

