13033333 344331

3310333

moventem 189 3101

3331333313 133613 86181

mumma-amntem 111111111141113311311 ’1111131131113111133

3361101171119111

11113,1413141133111 11311117114111133131 1111111 93141311

moti 910 panii 3113133
1111131333 ; 11
30111111111133 11
13811131311361101
33311331 6111418013101
3333133113Ι
3313331331
301111111111491613311
31813141 Ι
2181811ιῆ108 1 1
13031 331113311913461
1011481111οἠ131131ζ
4161836113041803.
1113189391
3301133 6183 41
831111ἓ31’111111”7“
1113331133 Ι3633111143 30 1
10131
ξὲ1111111111718411113101 3 11
1110333113 163114111111
869131 Ι
831111111131131113
11363111111111
3033331031111963311333
3611110836130114143631
3311331331
11111111111111111116 1114 =
1116311311331113141
1113131113 690341
mortuos 49431111
notum 9003111
mos 11811 118113 814163

3111111111111311331·

611913111091101
16013111 141311
3013194131
33633133 1463118913131
3133333133.
motus 331311 13301
motu? ,111111,113038333 4141
31011111333388141 -
81011411111
3313333111333
8118111811811811 Ι
movenda 48131 1
movent 681111.

3130333311 3401 41

movete 1030 mh· honore
1331111133 8643111

1 33301613 pum. 8103 11

1110133133 111391
1101111 31311 11111

movent 9143 1
1130333 64381163131

11111111 ⁸ ι
714113311181111111

16119111ξῖ311 3311 311131

133133613411161313311

311111314111 411113
41181341600131

3331ιό 116 3 31 361 = 416413

7’64631 8043101

movet 3413 31 164. 3 11 mlh& 31313333 8013301

novetur Ι864 3 13 19113 31

3111816113, 41134141

nox 1141133 11141111
318141381311110341
31113113111141619

11681111 1171131131.

13334131 4113 311

mmmmm

111111118381108 ¹ 11

1301311831

3113311311

mulcet 810 311 1

313Ιᾶ14 481311

111311 1633311

110113131310 484111

131133313141331 .

13011311433613131113833
3131141 111111114141
434111114311111131
1163931170813011103
81833141

33313333313314693 11

33311111 8603111

· 1110111111 646341

333310 118331
133110611311
313133131.31111111111
11311460111163191

31141431111343111
133113 dm 898 .111

1031113 113013411111.

1113111 33133411 3 91

13111136 3333133113 606311

103111 11313196 3101

1333111 prece 1813171

11111131 111 1331 34311

1133113 pluat. 1¹36: 2 13163

, 4113113131116171
4031314031314101111
1111111363111603131
616311143311316361
811141878311888181

’1111111111 338 = 31313111
18131103 1 3401170191

nuttam 911 11 343311

41851 1411161311111
33111111ἐ’133;3313313

34111113331111111111 ’

3311111131 1113111 611181

3311111333 331133 9013161

11181111 718361 ,

Munatius 141331

13133363 13831 1149341

1811111 114161

111111 101311331111161
13 1 140 3 81

3333116103 104 3 61

3331131313,- 841311

munditiis 34 111

mundum 10-’111

mundns 640 3 3 1 1411 11
⁸²4 3 31

1333133316 3 411013 31
13411113311131311
4313114103116433 11
311111811181

munere 306 3 41 68141

, 811331311341 1311

831 1 31
muneretur 432 3 11 1

31313331 441 3 61

1111111311δὰ3 1111 11464111
41111114141114111 ,

31111131333111

333331131143301191161

ἓξὲᾗὶῗ13ἳ1816εί41613
1 11

“ muniant 396 141

munierant 1091 11

munificum 1331101

munire 540: 1 1

munite 111 341

3330110818 1 6 1

1133131113 100 111 ,

1311333144 131 13131
4133118113118441111

3313113 1133111331 31931 41313 3333311111· 761171

101

mutem 111111

3333133 33Ιί3 fecitque 13333 Murena 161131

311111113813631813331

Murena 130 t

10313133 100111

1133133 66331

w

 

