“VOCABULORUM OMNIUM.

411818111711711161111 1111111111111141, Ι81818171817 ’
:tedmszsqff 77171 1111181711111 “ww 611716

1111171111 7191111 111111 8711 91818111 te! ὁ m 711 1771777741 ι
rediit 776171 tegam 4111717811 161 ·
71111148111117111111 118111191118111111
11111111 7111 team 7161171 .
,1111777171 1111116111891161 111114914·767191
,111Ιί119018 1871717777 1131811111176171168741 1111111 114161

8176417 87111119111 28924 Ι 4861417471 11111101 716141

1

1 ι 11811111 1111111487141
-11111 adse 8671171 ,aege 11171· 1811 41 7871 «11111111161
1111111 771171 161 1111811 17811111
1111111711111414111 nze 1111141111 111111, 111111 ·
111111“18ἱ81““”” 1111112’41”“’·’*’ :21552‘ 1811114111
ι111111111771714874111814ε 117111161411411117111 717671111
11 11167111111111181111 1111111771714181714111
-1111111111177141 ⁶4³=¹ln⁶=9l774=⁶l ,⁸¹5002m603101
,111111111174171 911171 111ιᾶ1 47171
seducent 24¹ = 71 11811 16 ² ¹ Ι 191180* ¹²7 ³ 11
11111111 477171 667111 tesl¹ 1111111 8111 71 neudum 748 111
reducis 7171 71 1171 verb. 878111 1111171111 117111
111111119111 Ι 7681 11847ῑ 1181· 776 ² 21 1111811 17141
1111111411 111ἓ18“ι16.’“”’ 1181181111111
1111111111 819191 ,11711111 1411 71117171 11111711798141
nfecta, 774111 11781111111171417171111 1111111111 ,177 1 717971 61
11118111 8671111 61411180417141 767171
111111771717641817611 23:112 1171111771611781 1111111111 711171
11111111 111411114111611111 -111111111111111111
11111111 77111771111 61 “linquens 71111
111111 681171 “syo 147181 7111 61 ,1111111111 aq 11
111111 masan. 711111 1111111 146 = 11 111111111144 ² 101811ἶ
111111 411111 11111 ⁸0·- 111 11111181 111
..1111111111 7111111 11111117118171171 , 11111111111177171
1111111111 871171 ,11711 urb. 17111 1 448171 1111111111 761 191
,11111111 79171 tegit 262: 811871 91 7771 1111111711 1711111
·111111117741111771111 ,71 Ι41411181116181111 11111111117111166111
fe 1811888 Η, Η :
merentis {3¹⁶³ 81 11711111 167171 1111171111 187161
111111 779 e 2 1 1171111146 16 1771 1719171 1111111111 66617 1
,1111111 prim 11111· 177 171 1 11111711 771141 791171
879281 117111111711711711611 11111111481161487181
1111111 711111 longi 717111 61 41716 14117 171 8741 833¹: ⁶!
771161 ’71 1 11111 1111776171
11111111778171 ,11811111111161 1111161117111917611
1111111871111 188888101111101 6171716171711111161
111111761111 1171111167111 ⁴ ¹11538=61547=1‚101
refert 71111111. pm 11111 1181111171111777171 117110111716164716
,8681 118ιῖ 5111 Ι ⁴⁸5: ‘¹ [ἐκεῖ 16001611 8811111679861611 710188616 Ι
«111111711111411178871171 11711177161176111 111
718171867171 regnet 716111 η1111111111119111
11111111 141418881111 11711111117611417711 4171
,11111111 4171111849191 11 tm 1171 7671111
,mici 678141 tegno 1111. 771141 1111 11111 771 e 41
,1181117141817771847161 1171111111 71171671611711 ,1118111711111768111
11111 417111 11111111111141111111 ¹⁶⁰² 11111 111141
1111111181 1171 141171170181110111 rem 1111111814 ῑ111ω
1181111141 regula 741111 1111111111,11171, tn
¹ -11111111181178811ο1 Ιὶ131111168ἕ81 9011111
marcido 717 11 1 Regulum 71181 rem 1111111 877171Ι
:chenne 717 171 mum 22: 11111 1 711611 temanum 107171
11111711771111 · 81118111111141111181 11111111 777181
11111111174171 1111114111 11141111 Renum!
1111411111 4161 61111161111111111111411 1111111486111 ,
1111711 71114111811611111 11611111111111711111 ‘ww 411111

Ι

 

