100111110110110111111111,

mutin 678181717111
0072711181 41674171
1101111011 471111
muns 671101
1111010011 170111777161
0101017881111777111
1110101116161891171
mutus 1111111111 1110 7161
ἓ6117111111111111410117Ι
,100111717177111148161
171171176111177141
111811111111111ἓ
61887111701161
010117111811691181 ’
810117117711111 771171
muse 6481111
Ι1111111111 170161811171
mutuum 17711187711
0101111171417111118711
0111110 771171
01111001114011418611

111011 678141
mutabile 819 171
0101101111 86917 1
1011111101 116 171
0111110111 71117 1
mutandus 7711 71

· mutant 770111

111011011ιο 711111

1001111101 87718 Ι

mutare 701611141 10
11717170011178111
811141888111

mutaret 180 171704141

100111711417711714411
411411116961111181
91111141111111,

000170181111 101111111117777
11

1111116111Ι 171111771418171
1 .

0111111 sorte 71111111 7011

3 1
0101111176 1614461111
111111114141
nutam 7411107. 707181
10111110 7111-11 Ι
011110117161
mutatum vinum ‚ 11116111-
1071001 617161
1110111111 111 110111 887181
0111111111 4041716611 41
0101111111 718181
. 11118118111464111840111
7 ²²·
mutem 791111
1111111111
11111 114181

1101101774171861171

1111110 767 : 11

Μωηωῃ

mutua 766 161

100101 1701 41

10111111 7 711 1

11111011 176171

1111111110 777 171

1110101110 4771101

Mycenas 7014 1
Mygdonias 177 11 1 ”

Mygdoniis 7171 71

0171181010 7061 41

10111111 116 161

myrteta 771171

myrto 11141771111441
1111111117711011111

1171101010 7 111
11111111111111
1111111 181111

Ν.

1811774181

nest: 198171 ·
01601777111
0111177411114871171
7011
0001111111. 7111. 1771 71
11111110 guar. fing. 1741 1 1
Navius ma 877141
11111111 1111110 67017 1 11161
Manus.
Ι1611111111111714111 117 1
111111116111Ι181181
114111191161111111
4161414141114611
1614111111111111
111111116111111111
7761111811.
111111891111111111611
114141914191411181
,9111411116111 11691
11 10111114 = 111111
11614111
musceta: 877171-
011111 4111 71
1010171101 411111
449 1114111111
11111131111111111111111

0111001111171.
111111 707171
01111110 7171171
nutantem 67717 Ι
0111111 84017 1
mmmmm! ι ·
11111 118ἱέ 1 ’
011111717171776171
‘¹²⁸¹‘ 18714 Ι 1611119.

. natu 71111111

0101068117 1

11111711 176 11 1 7111 171
1 11

0111101 787· 7 101

011111 8871 71

116101617611 1

nascentem 771111

nascentes 674 171

nasceris 477171

nascetur 884171

nasci 166 111

nescim 776 1111

nisenam 7767 481

1111111 6811116 181

Nnficoe 688161

8118611111 711 171

1118611111 7171 11

Ν 1111111001 710 .· 61

⁸⁸¹3 17014171711118771

01111411 7061111

nisus 671 : 771

ausuri 71614 Ι

1111114111 1911111141
918771101881161

111111 611181

011111 869 111

01101087171764171

0111111 617 ;8187ο 1 u 1

1111111 407 :2 1

natalis 111 : 71

0100676111678141

01110111 7171 1

natantis 1811

0111111111 10111

01111 704 :1 1

111614141111111 116911

111668141111141
natis 711117. 6771116771
11684101
11111111111111
11110 7116110 717 1 71676171
111108111749111
01101178177771141781171
Nm 780161
64141
01100167141770171 7741
6111171141611141
816111811161876111
01190061 11711111 17111611 8-7 171
mutuum-'fluv
111081111191111141
111491111691111111
-71608141616116161
6161111111111916161
717001117071718161
1111811119011111
natum 111111071111111 7141
11- · · ,
011011 011016171171
011111 11110111 841171
0111118 111 aste 707141

1 111011071111111116111

 

