1

11001111101111110111111111.

111861111111011401
11411111441111
11111111111

’0811111 11111111 819161

ε11611111111111411

‘viem 111111 116111

(111111191111161111111
101411141101111165
61111141091111111·
41110111111161

’ ceteris 1811 11

Cciabct 1611 41

1111,1111161

,eaiabris 428 1111 868111

(30111101 116 ’1 81

Calais 390151

,011111164161611111

3111111111 ι840ι 111

calcanda 1091 11

calcar 851: 41

. (1100618111 -

uicena 1111811141111

04111101 111191

calebo 408111

0111111111 861 z 101

Caiena 119 1 41

caiendoe 538=²i '

eaieniis 131111 4111 41

(211110184111

(11111111 111111

1111110116 1 41

01111111 4681 81

0111490161 .

'exiet 411 1164611 16401

(2111101 410181

calicem 680161

calices 699 1111161111

1111211111101 .

0111601101·11141·41
sconii

caliendrum 191 141

0111111011 1111101 “

0111111110 896 171

callet 401 ² ι11

01111111 1941 61816191

0111161111111

calidum 411111181101

calidus 641 ² 1 i 1111 11

0111111010186 111

Calliope 118 : 1

1111011 611 :zi

0110 1111101 100111

0110111 111 1111

, 01101160111

0110111 400111

0110111101 116 1111

01 111111 1161 11

calvum 601141 ·
1111110 849 111
01111111111114111
camene 11816 1 1191 111

0401114116641161 ἰ
011111111110141 Ι ι .
Cannium 14 i 11
cimino 16611 1461181
01111111 11811 1
Canem v. 01111111.
Ε1111111 succiet 111111
campana 1111111 611111
Campanis 119 141
(21111110 1611 11
campanum 1164111
,01111810118111 .
“mittha 114111
cumpescuit 8111111
1111111111οι 101111
1110111 pingues 111411
1
0111111. genii. 16111118871
10 ’
(0111111101111401101
1811411881611911
111111611911114161
11011111111111616411
1116911111641 141
116141
111101161161116191
11010111111140161
01111101 10161401111111
111118 nive conspuet 111110
111
01111111 41111 11101111
111
canu 6181111
candens 419111
uniente 1941 101
candentes 11111
mindensibus 11911 1
0118111011161 =
011616118911111181111
‘mid‘ ²8⁹²²i4⁶⁹ = 111
0111616111 140 ³9 1
1111116171 1 1 Ι 411 111 6111
11146111

- candidi 181111

candidiores 161111
candidii 1011101

candido 164111

candidos 1814

candidum 18111418161
candidum 1114411001 4681

11
umidus 114111816141 .
0111411191 ’
1411111111 81 1111018011
11191611 111 111
canem 181116 1811181
1111111ζῖ81 1 111,
0111611111 190111461181
caneret 61 1 1 1 ·

- 1011141111111111

8811101

· canicula 1111111 6811 91

0111110111111011 111
01116114181114411 5
448=4i4⁸8² 1 16111
101111141
Canidia 191 141
0101111011 188 1 101
01111 1016011111.
cmv 1111. 1111 4111 1
611141 ‚ ν
eni· mai 6114111. 441
1144611141016 m:
11161011168911611161
ε1111111111· 10141
011111ιί110181
0111111110111
6111111111101018ι 40111 -
canore 901141
1111111111
0100111116181
01101 01111101 191111
01111111911111111 41
11111116017116111
cantabunt 611181
canabo 884 :3 1
,0101111111 811111 1
(lucubrum 110111
01110101111111 .
01111111111111101116011
011161111111011101
0111111111 186111
cantharis 81111
0111111101 110 191

01111161111111111

011101141111881111
mnffls'mni
01110111 1111 11
,11110184161411111
414111,
cantum gaii 106191
11001941111061111411
61418111 «
canum 1011111.
011011 ,1611 61611141
64111811 6011101
,cuntibus 118 = 11 -
0111110111 464111
01111141 111
0111111191. >
0111111114181 -
cavent 485=5i767²³i
01101111 11111 1
capet 46621211
141111111104111
01111, 110111111111104
111111 189111

181111119141606111 canes 111141 4481141 cupillis 1114111411

811141818111816111
61110011 100101

180 11181111
01111816191

101161111411111114

,6110111111

 

