¹ 1991191911111 9111111111.

teduine 1411 1 1 969 = 91 1111111 111111 6111111111 816181
181111111111191 11111111 1111111111
9 1111511111 119161 seres 999191499141
[99919118141869111 181111111011919861116491 111189619111111699111
sege-tit 919191 11 11111 081716961118811

191199119111111 11111 11611111111111111 811191119111911
61ἓ11111669191 6111111 ,1111 111119161 6111101 411111
segetes 8881191 1111111111 4811 1 ¹ 1111 11 611191 160111894991
[9198199141111 691111999181894191 1111119 169191 ’
1911119991111 8981111899· 91 sermo 9411 .· 11 1 699 .- 91
,semel 96191199 1 919991 [1111111999 961191 691 : 41 699181
611411411111 611161 11111111 111111 11111111 1161 116111 11
1411111111111114111 smmum! 611111611111141111
114141114491914181 1111111119191 818191869111889161
9149919114711416191 1111111191 918191 8119191
81 689114 1999191 9911 s‘flfflt 101 ² 11 811111 “mmm 811 ³ 11
ε,11111111ςιΙ 111111111111 11111·
Semeles 797242! 1111111 6111 91999 1 919881 1111110111 9481 99111
19111119 9991111 118011918491618691 11199111919991916991
semesos 999181 11818111 111841 1918611191 8991
semet 116111 11111111141111 41, t
semina 4861916641 91 11111111111991 91684191 1919191119 989161
Ι1111111 9991 1 1 1111111111 1991 91 sermonum 946 2 11 8181 41
semite vttae 1111911111 Ι819111 femere 896161 61111111 344² 4 1111 ² 11
semote 81919 1 61110811 9991 191 serpente 499 = 41
semoti 19141 1111111994191499111 stt 1111149191989161
199991141911191194191 1661611118611191. 114191 Ι
122=51¹32²5117¹=¹l septem 911111999191 199111119111119919919991
189111184111181161 51118111111111111 41, .
1991611991 91 994111 5111111111 1991 11 111991119194981 61
999141911161498191 5111111119 991191 191911 11111111 899161
499191499191999191 8191111191999111 11119Μ169191
91919191 111168419 1111111111 699141 191199966491191
89996168811119991 11991911989181 1111191111 989161
[11141911 996 14199819 1 661111611119111 ι11119711 9 1 1111111111 76919ι 18911
119968919168991916991 691191 1911991191991191
tet. 9,.1. 11181111 ¹ ‘⁴⁶²⁹' 11111119111119· ,
11119119 191141999191 sepulcrum 469161989191 8991919911111
senectam 191191 sepulte 4ο9141691ι61 feneret 869161
1111111119 9191 1914981 4 Ι repulus 898141 seven 9191191
9191116181116111111 1111911111ε 1111111 11 1Ι 1111111 11111116161111111
[1111111111919111 1111119911 49891111 191111111187691141
19194481191619141 1999111111 4991191 1911149811919991191
689141888191 1191911119116191914191 9981419991419141
1919118919119811119191 196191 91
111111 11918111 sequentur 99919 1 1111111 9119191
senescentem 999191 sequere 869 1818891 91 favete 999 .- 91
19911111 9661111 sequeret 994111117111 61119119699191
senex 186 t 9 Ι 6491 181 sequetete 699191 111111919419111
11111111 1191111199, 1811111118·
e [11111111 99161191 1911116419199161411 9181918111, m·
111119499161 11999141861181 6611 111111998191
11111191 888191 91 11111191889111
111191691191 1191111111911191919191 8111611181 .
1111191919 6991619991191 1999919691191999181 [9118116141
111111,111111,19116118191 616161 . 11111111141119941141
[91199191911119111616161 1999911191 9981191919191 . &⁰61

69914 Ι 899191 = sete 1441919881 419999 11111111919191.
1111111111 11111111111Ῐ.. - 1111111111414111111 ’ ·.

1111111199 111

 

