VOCABULORUM OMNIUM.

toedhur 616191846111

01611111611191161

ε66616111116411116901
4111181 111

Ι01161111 481111611614811

credulum 68619 1

credulus 6411

wemno 18111

:temtos 4941 101

Creontis 449161

crepante 481141

crepat 16161641161766ἳ
10

capent 8941 7 1

crepidas 1411 111

61191111 1611 7-1

cresum 160111

crescent 6861 1 Ι

crescentem 111111 190181
690 : 111

’ 01111116 840111

crescit 141411161111811
411111141410181
111111861111

0161111111 1161111111111

(311111 116111189191

creta 4101101

(31111661 161

Cretam 464111

(311111148161

Creticum 100161

crevere 4661118911141

011111801611811116161

1111111116 1161 11811181

,crimine 6611618911101

crim'rnibus 181 11 Ι

1111111061 671 61

111111641611911111

crinem 106141

1111111611 616161 41 6641
611891614001614011

11111111614 ’11111169 14 Ι

011196 81111111 1111 6 1

Crispmi 1111611011 41

cri! 111111 141161

6116911111 146 111

1111111 811161

(1010619111

(10106111 411 111

110111811141

Ctoefi 116161 ,

truce 111191107161199Ι
11

1116111111 111116 1

crucier 6101 91

cruda 691181

111116 bovis. 81168.

crudeles 80811 1

crudelior 119191

effudens 404111

crudi 118161

erudis 543221

11001116 1811111

11111116 6461 11

ementis 618181

cruento 606 ·· 61 8411 11
1111111111 16110 1
cruentus 681 1111
crumena 747,5 1

’11111 4181114111111661

¹ 1
111ἧ1111118111991614901
14111
1111011111 664181
eructibus 148161
'cruens 9141161
11116114111441161
11011161161818111
010118111616161169181
1111111111116111 1111
1161111 116111
11111116 10811 161111 1
cubans 106 111
cubantis 1111666141
111111911111611111
111114411414111111
01111111 41111 1
1161111484141111111
cubmbus 410111
1111161666111 ¹
11111110 ml: 61686111
1111111011 16111 .
cucullum 11416 1
cui, 16 1616111111 111 161
9101111
01111111114114111
91111166161149161
611181641111618111
111141111111144161
11911111111111411111
1116161961 816 11 1
11111111111111816181
11110111111141
1618116111119111111101111
11
0119111, 1661 71619161
69914171111 9001101
cums 806111
11111491111661116191
71764191
cujusque 8871 41
cuntes 1181 61
111116689111 1
culinam 161111166111 ,
mmmmm
11191611111161814171
61169617116911118111
1111911111 911 t 111
culpa 11191871 1111
01119616111111113161179ε
0111111718111110 1891 1111
1111111111 646111111181
culpantur 61911 Ι
culpan 184161 1411 11
culpas 691111 461161

. 91191111 118111

culta 1811 11

cultello 7641 61

111111491- : 11

“¹¹1ss 4¹7 111

10111167111886111

101110 1981 7 1

cultu 8641101

cultum 6691101

culum 1141618111141

mltum 7273121

18110611161411111191
919001116101116811

111111119161911111
εοεέιςςξεήί , cum 09111116
6611916911. 6161114111
11111721111111111ξ
11111111141111111
111111114111
1111919111 661611.110111.1161 ·

11111· 1111116111111111
114011614061116111
6168111176611617761

mamm& 1 11 1

1106111111 1681161

(1161111161

11111106 101111111111

1111611111 644161

cunnos 1161 61

1019116616116161191
11611611041611641
11681111 .

0111911910 quandocunque.

cupenmus 1. Cupiennius.

cuperem 8141111

cupiam 1961 81

111111111141111111

1119166 819161

10916110 11111

10916111 6111611911 9111.
111141,

11916116 1111110 fervet. 1611

cupidmem 1671 91

cupidinem lentum 411111

cupidinibus 168 111 1101

(2119161111 1111111496111

1191611111 19111161111

1111611116. 11111111
111161118161101

cupido 661111 611161

0111111111 ²³7 111

1111111 111

 

