vocAnuLORUM ΟΜΝῙῘΙΜ.Ι

,1111117111 7711771 1110611811111111417001 frug! 77117177717117 747
formet 60: 15642 1 111 11 701111 771 1 11 1171,
794225 1111161111 111171841141 11
1111111111 174111 1111111 141 = 11 11011111 1411011711 25
somus 601171787111 1111111001 800 · 101 111811 1171817011 111
1371151111. 11, 1111118111, · 1118111110111
’ 711411111111111111 1111101 141111 1010114111
717811714181114411 11181111111711611401111 -1111ἕὶο111ἔ 8011818411111
J ’ 1111101116-’116181 1111116111111 55¹¹¹¹¹55f¹¹51552255472'25
. 1018481118901161 ami? 4617711 371711774111761181
¹⁰35557¹54 77111176 181 55 5 fremitum 1441111 ‘1²55 1111111
811161 110111 v. sums. 1101111 v. crustis.
,601100101101171707191 111111111111 111111 61 11111111 911611061611071
711111760181884111 141·1Ι . 111111811011614741
1011001111111881181 1118110101 411 416191 611191117111917611
Ι11ἑὶ1111111117119111 ἧιΙ,41 , 6 ἶ Ι ἡυ71188ιζ4111911171
1101111111 777.10.1 81111111 411 ι fu 101761
1111111171. ¹⁷ ·⁶'⁶² ·⁴ ¹⁷⁴²· 1111171
10110016107161101 110111 11617 177141 1110170111
100001100778161 sm, 46111 summ 771 1 111
romnis 8811111 111111 1101111194 1111 ’ 11111 1411119011111

101001101114111111161 1111111414111 616 111 1111111111

,1111111111111111111 1441111111141 101111601771111
font 5 800171817111 11111111181111

2⁴, 11111111111617111916071
64 1111 111111101787111 1141614111711111
101107181141 ft!8!⁴5⁰5²125 111110 197171
101101 7181 71 1111161111 160111 fuerunt 161 171
fovum 7971171917181 6118ῑά111 698111714111 1111111111 718141
,111111176111 6141101 1118011191111697191 11811601114861141
mma. 77117811 1 ⁰ ω, 1077171177 10 1 6181101 7373111 8111 4 1 8171 61
1116108οὲ171 ⁷4⁶ 111700601710141 1111101111 1461101711191
111601467161 111111781117011111171 1111111170 :45204225
1111111 110161706111 411111111111111011 190111
,11011471111 111 1188101141196111
{tenuo 791181 11111111 119 1 1·Ι 168 1 101 1111017114 5 10011 5754:
110111771717171617091 81 1611401111 11161161

11741111 110 1119111118111 118οΜ841111
110100774171111 110061107061111 11811 1181718471819141
fragilem 16181 1481 61 11016110111 101
1117111 7111916101 3 5 1100111111 7811 17111111 11181111 1711101
fagil„ 790 771 11οΜιῖ 181181 fuvm ‘¹⁹:55
fugnnm 011011 777141 110111 10114 167141 11118 160111 161171
610711786171 11001011717 116 1617711 107177161166141 5472
’1111111111141110111 11411111111141 1611 fn12 57 1111111111
111111169129111 7471 71 116061111171418 5 411141 ἓὲἒξυέξοιξιῆόωμ

1 1 , e a:

51:5525 555285 1111111111 114111 1011111701 ²¹55
111111 1011 ς 14001 ¹45 1101016161 11 711 111 11111111661101

7171418141111611111 111111 211111 11111
1111111. 1111111 ’1811111111
fraterne 477161 hungis 8691111 11181, 19919 5
1111111111 770181811111 1 6111611111 730111 5¹²35ffl 711 ² ¹ 176911 5
6111116 6811111 . 111811111111 111116117141111 1401
1111110101 741161 · 11111111 747111 10
fratte 61117178114 5 11110111 7801 11 fouendum 111 111
7771177777877 4 1 1111111111 117171 10810111 7481 9 1 777 1 61
,1111101111117111116111 11010 1101111961101Ι 11111111117 5 71816
61111611116166011- ,111111114111 111·71 111111 ·

sumnam: 4111111111111111 1110111611
,6116161780161 61 11111011 111111148111

111711 iij

 

