VOCABULORUM OMNIUM.

1119811111 4111 11111111111119111111111 111111111111191111111111
nodmbituc 1491141 mols 616111 monte 166 1 11 411 .· 111
moderare 91191 1111111611191189111 811111
'modesta 111191 , motem 114111 monus 1141119111111ε
1119611191816161 1111111 1111111 11691171196111
1 11191111 141111 111911111114161 9199111911191111111,8ιε,1841
modici 16141 molestas 582: 41 11
1998119111116991111911 11111111 181 ι 11 montibus 911 2 1 114111
11111119419911 8311111118111991 ωὲιιῗῖι’1111“1”“’”“
, 11191111899111 11101111144161 91991199189141118141
ωψὼωωμηψεωώψωηΙ πῶυ
61189111681 = 1 13911 1101191191 161161 Ι 919991114961 11
131191111111, 81111’1311“1ἓ11“’”1 , 8311881111οῆἑὶ um.-
,11191191191111411611691 1111111601171611111 11
,111381116411816611 1101111149191417161 199111111411961118981
9Νμηυωηω1 όὴηὼνώ Μ
91 1119111 -11111111-’111 1991181111181111
modo 199 161141 1111111111, 1461 111 notabam: 6111 6111181111
, ·mod'o,304:11³4⁹=3!4³3² 199111811111111 1119111991111111
1,114114111,111011 919111891194111161111 111911111111
61111189811191111111 . 4111114671 11 1991119991111
111161111111191181 11111111191161111111 99119114111191
1691 11,416641911941 19911111 441 ² 41 mornadas 891161
¹2³{8772101 mollu6621147521l484² 1991191191 111 1 11111111
1998919111 191111 , 11, 91111 Ι
,9198911461111141111999 1111111111 1111111111 ⁶22 ² 11 1119119191 1141191141111
,1119111116111141181 111011111469181 ’ 111911111911191119141
111491911111911111 1111111116111111 1111111
,1111118111 8311111111ἑ1191ι11 ss3112'2†2⁶131¹¹⁸‘⁷²⁹¹
199891111111111 611191 9191111991111
,1998919191141111 Μ9191119109171 1110111111 181111991112
moduni 668191 1111111111 414111 ’ 11111111 116161641111 611
9911111111111 1111111111 111111 41111111114191
1119119111 911111 11199119111111141 111911191491111111116461
,99499111111911611181 110111110106111 11649116161111,91’
116161116611911441 11111ωέ111111 1111111 114111161111
Ι ,911111111941111111111111 1111111181011710111 mmmmm 111
mmwumffl mmmmpn uma .
Moeceins 1 111 8411111111 monendo 991 : 11 nothus 1111111 9111111
‘ 1111111111111111311 111991961111411111 9191611191894181·
,1111141111 111 407: 11101111 161 11771111811 9191111911 16111
,1141619144911146111 111911111141101 11111111181111
4 14111111911111161 199911919111111 v. monumen· 1991811111111
’81 6111116681111 6911 111111. 19918191199111
1111111171 ,919911911811161 19918191691191
mmmmm 6911 11 2 monitonbus 866 : 14 18811 1119111191 114111
moechas 114111 1111 . 11191111119111
γ11111111111111111131 1999119111814191 1119111191 1881111 -
1111111111 111111 monitus 6191611411 1111 111911 11619861 161
9911191119] 9911141 . 1191141141191 11116 ·
91111111111441 41194111 ,1110118181 891111 ¹³²¹ 1411 ² ,1114161101161111101 66 ·
0 1 2 : 1: ’
1111111111 1191 1111111114. 1 1111811111111 8901141 81611111 119419 1111111811 140111
614191111911111 1991111111 116111 9191191991111111111641
moenibus 146191418181 11011111141141 Ι 111114 ·’ 5 1 ⁶¹8 ² 111
maerebis 41911 1 1991111119111911111190811 8411 4 1 ·
’ῃα1111143171141 111οηῖ81118’366191 1110111107 8411766181
11111111111181141 , 919181119111118111. , 818111 ,
mmere7⁶2:6} 1119111119νί 11811111 19911119161181
111111111161141161161 ,1110111111111873191 ,“ , 110188168111161161879Ξ
111111014881191 ’ monstret 691181 Ι 61 10017113381817011
11911111149141 1119911111 161111 ’ 91116111711161819111
Ι1119111111 111111881141 111111101111111· , 814111111111111831141

 

