mmmmm 0811111111.

777777771777171167711 1611111177 117171 1167711177771717717
1177177 77771171717161-11 1011111111,ι 4 1 177 191 111117141147171-1171
mmm (981101. {³02 11 pone 779 7 71 77111717741 1917717717ῐ 717171. 776 791
,7777774 800281 1 8777 71 9017111ὲὲ 167918 7 111 1111171117 47177167 7711677
. m 7 1
’1311111776 7171 Ι479 711 1101101167 77477 91 1061110 ³ 41
17411117401161 pontssdum ⁶40:ss 0111316ίὲ91
'pm dedit ΜΗ1 ,ponentur 679711 . utcms 7777111
1781131111,ι 490111 ponet: 17 ² 61 79 .· 1717741 97199116771199761847771
777717 717771 414177411491116777 11111611711117477171
1777711777 777 77 1177771 11677111711 1 711991 1111111100 161161
797711771777111468711 11 110171 penest· 4111614101161
poeno 11711174111 7179117177 16711, effingas 1911 4667 771 718: 1 1816741
hammam 77877-171 . 7971769 3741
1177777 7777771 1171171 6777177441 71111111 771171611771
17777777777777771 10111164·41714171 7711171
7111771471 . ,11111111761161177171 ,1111171111 647771791711
177717711711111* 777771 71, ,17177 ,1117111111
poete 719 761 1447117771 1101111 7471114091116661 10111 179 ·· 11
171691141817771811761 111191·1413101111 1011181111 111141
777777777771717771 111111 171111 817711 71177777 777171
- 7977419177171 ,10111131141141161 ,1111911171111
ι7777777 747 = 717147 711 10110 7717417711171 71117117617171
· 777711717741 111117647111 7111711117711 ,
1171771111 77777716777 61 1111111111111 771111771114171771171611
Ι7777977111 7 n 1747 7771 ’10111111 117 71 17111111 717111
7777717777777777777 1711111177 777771 7 orfeu 417771
11171 1191111 1777711177 7697614177 161 'pona 741791

poene. 777117 777771 71111111111777741171111 11111111 117711

poetis 679 7 71 871 7 7718971 810111 ⁴ ,1101110111 178161
711101111114711 7977977771766741 7977777197 7 71786141

1717677711671111 101111747771 ’ 1671111767711771111-

1171777777 677741 101111 7177 71 ,ponam 1171 61

1701111 804221 1191117117, 167711 1191777769 7 191 110161

17711177 174 771 17117117 767761 777771

spollicem 448741 10111111 788191 977777661711
71111777 7477 ,61 1101111111 678 τ1 1 77177177 84971 Ι
pollicitus 66 7 2 1 77711 1 7777 10711111 196 7171 ἶ1777777777 1777 191
8111119141717 1 6977 11 6111 11111101111601181 11171111ιῇ 7911 ι’ ·

7 1 1011111111* 746 1111 7771171Ι 891 7 8 1894 7 191
,1791171777 1147 1 1 1090117117 499 79 1 &puniebas 7197191
’7711777777777777717777 4717711771 777741 {poeticam 2 71 711771

,71 110110111111117 771 111 ,647 7 17 1174 7 61
,7117 414711 · 10111111747141 7171177111

< 11111111 177741177171 111111111 111111 7011146717
,fl‘olyhymnin 7771 1101111111 11141 pomum 6977
1171111111 477771774 7 61 1011111179111181619161 ,1011111 41871 1711111
79717167711687771 861711 7677678711
1771117117 71771 ,1011110 711 117 76 1 887 71 poscit 2¹ 1719611101
7711117111 617111 211771111771771771 1117717177161177171
parmper 1977 71 176761647111718 7 71 poscentem 777 771
799711719711711 894791889711 7917711177 869771
pomis 4177 7 1 6647 716797 1011101771 769 7 41 7161 1191777777 7797171967781
11817177121714171111 1111111177 6 771 1 1111211311.
11171717ςί7 Grospho 787761 1101111177 7717777 471761 171777714771169741 .
1177719111 177 71 · 1717717177 ua 7 11 777711 77171877711189711
11717777ιί97 171717117·1967191 ,7777 4Ι 617 7 4 Ι 679 7 4 7717711197 Ι1777 11
177177177747771 77416177874179771 77191711711947111
ponas 6677 41 7181416497711617171 771717 1787117167 817161
’9779777716771 991717 ’ 7717797818477619997
77717774477418677141 7977177117711777717777 71
’111711177771 61788771711791771,1 771771777191849771

77111117 .

 

