vocnnmomuc OMNIUM.

601111111111141 coniugibus 382 1 61 4011 0011111111, money 11
90111110 101161 71 , consulit 1119111 ,141111
concludere 148 111 1011111811 61111111411711 ‘⁰¹¹s¹¹¹‘,⁸ ⁷99 ³ 41
conclusas 146181 11 0011111111 161 :15 1
conclusus 111 111 00011110 1091 7 Ι 1001111111 8661191
concordio discors 131111 1011101411 611 11 consulto 601161
0001101110 607171 1011111 111 ² 4 1611 111 1001011111 106191
concubitu 90811 Ι 7071 11 contuitus 111111101111
concupimus 440111 1000111118611141, 1011111οι junio 904 1 111
concurrant 174141 1000111011 461161 1001011111 6111 111111
«1111111111 8502 41 eunuc 116111 (0110101111 6111 11
conmoritur 106 161 10111111 11191 71 7081 11 1001011111 114 11 1
concursus 1991 11 · 0001110001 446111 (0110100111111 ιο
1011101111 161111 1001110178 Ι’71 10011411 4341911311 11
concute 114 ·, 11 1011111111 111 111 1 1001101010119181
concutitur 119101 1011111111 100181 contemnas 7²7 : 1 1,

41

condoce 41111 1011110111 117171 0001111111 110 ² 81 1181
1011411114 111 consumunt 81411 1 · 10 1
1111111111 111 0011111111 m: 3 1 , contemnere, infinit. 51¹ : 111
condet 114 :5 1 1001111011 168111 110 2 3 1
conductio 610181 10 1 , 1110111111 117Ι 1170170111 1001100111111011· 640 111
1111111111 4, 1 4 111411 11 1001161111 1861 11 01111101111111111
411 141 1001111 164191 1011100111111141 11
1011111δ ,144131 0011111111 4691111811111 100010111111111111 ‘
condiscat 1411 11 1001111001101 25¹ ² 11 ε0111101111011111111
condisce 408 ·· 81 10111111 111 ² 6 1 37⁸² 11 (0011011111 610181
100611411111 . 411111 100110110441111
condit quisque dcem , 611. 00011110111111 · 00011011111411111
0111114111· 111 cuo 11 1011111111111 111411
8411111 · 41 6611911161101- 10111011101911111161144·
cononi 411 = 41 10011111 nor 11 111181 7711111111181
101011101191111711111 00111111101191111 10011160414111
conditione 34 4 111 confiunt 6111191 contem 4141111
111111101111111 41 11 1691 consecute 160111 couccnco 532 111
consuunt 181141 contento func 101161
0011011101 11111 91 contento 10111111 101111
connitor 901161 1001111111 8110 11 contentu, 106111 11111. 1
conditum 11111111110111Ι 1111 (0018111111 714 11 1 111131 1771 10160816 1
1111 0111011 164141 101116141161
1111111111 11111111, 111111, 14. 1001110101 114111191191 conuenit 812 : 111
11 001111100111111111 10011111 6411114111141
concitus 141111 10111111 611101 1101111411111
1111110 111 : 11 0001110111 101141 conunente 111161
condoluit 1111 101 mma, 181161 1011111111 716 111
condunt 890241 0010104111 11 , 10101111 747² 4
1 conducere 11116 “⁰⁰⁸⁰v0‘70524l 10111111116493118168111·
1911001 110 : 111 nonum 1111 11 41961111
00111101111118111 10111111 61117 1111111118113111111 “
1011000111111 ωη1α111111η1 · 101111111691111
1411111111 705 ³4 1 0016111110118 1 41 0001111111 19111 111161 11
1111111111 11114 1 00011101 4411 1 1 confingunt 801191

conec 611111 110111 811, (0111111101 171 ³ 11 1011110011 10111 1Ι
1 · 0001110801 110111 1011100101111141
contestu 8141181 00011101011141111 y. 10οι1001001111116111·
ο1111111111 114111 consueris. 1110, consumit! continuit 114191
connum 18111 1 111111 continuo nnn-acm = 141-
confice 114111 0001001110 111111 611161 116111
'¹ 10161011181161 101101491111 1011111110.1101111111111

9010411114111 01111111111141 141111641161611111·
confuso 849111 · consule 11111111 1411 11 801141
mousom 611111 Ι 186161101141114111 01001164111411101
confusus 1116411111· 111 4⁷³=3t c2c= 11 4411114611 unocul-
eongeua 1011111 0111111111· 6111 61 111111 111 111
congestis 111 : 111 0001011011 ¹ 49 ³5 Ι ‘must‘ 141 ² ¹ 1 111111
4111111181 1161111 267 g* 41 conlucere 655th 75026!861=8!

1411 111 oousolo , 11111. 111141 contrado 61611 1

00011111

 

